2 2 2 2 2 2 2 2 2 2 2 2 2 2 2 2 2
2 0 0 0 0 0 0 0 0 0 0 0 0 0 0 0 2
2 0 2 0 2 0 2 0 2 0 2 0 2 0 2 0 2
2 0 0 0 0 0 0 0 0 0 0 0 0 0 0 0 2
2 0 2 0 2 0 2 0 2 0 2 0 2 0 2 0 2
2 0 0 0 0 0 0 0 0 0 0 0 0 0 0 0 2
2 0 2 0 2 0 2 0 2 0 2 0 2 0 2 0 2
2 0 0 0 0 1 0 0 0 0 1 0 0 0 0 0 2
2 0 2 0 2 0 2 1 2 0 2 0 2 0 2 0 2
2 0 0 0 0 0 1 1 0 0 0 0 0 0 0 0 2
2 0 2 0 2 0 2 0 2 0 2 0 2 0 2 0 2
2 0 0 0 0 0 0 0 0 0 0 0 0 0 0 1 2
2 0 2 0 2 0 2 0 2 0 2 0 2 0 2 0 2
2 0 0 0 0 0 0 0 0 0 0 0 0 0 0 0 2
2 2 2 2 2 2 2 2 2 2 2 2 2 2 2 2 2
70,360
2
4
4
2
67,265
69,241
1